00000000000000000000000000000000000000000000000000000000000000000000000000000000000000000000
00000000000000000000000000000000000000000000000000000000000000000000000000000000000000000000
00000000000000000000000000000000000000000000000000000000000000000000000000000000000000000000
00000000000000000000000000000000000000000000000000000000000000000000000000000000000000000000
00000000000000000000000000000000000000000000000000000000000000000000000000000000000000000000
00000000000000000000000000000000000000000000000000000000000000000000000000000000000000000000
00000000000000000000000000000000000000000000000000000000000000000000000000000000000000000000
00000000000000000000000000000000000000000000000000000000000000000000000000000000000000000000
00000000000000000000000000000000000000000000000000000000000000000000000000000000000000000000
00000000000000000000000000000000000000000000000000000000000000000000000000000000000000000000
00000001111111111111111111111111111111111111111111111111111111111111111111111111110000000000
00000001000000000000000000000000000000000000000000000000000000000000000000000000010000000000
00000001022222222222222222222222222222222222222222222222222222222222222222222222010000000000
00000001022222222222222222222222222222222222222222222222222222222222222222222222010000000000
00000001022222222222222222222222222222222222222222222222222222222222222222222222010000000000
00000001022222222422222222222222222222222222222222222222222222222222222222222222010000000000
00000001022222222222222222222222222222222222222222222222222222222222222222222222010000000000
00000001022222222222222222222222244222422222222222222222222222222222222222222222010000000000
00000001022222222222222222222222222222222222222222222222222222222222222222222222010000000000
00000001022222222222222222222222222222222222222222222222222222222222222222222222010000000000
00000001022222222242222222222422222222222222222222222222222222222222222222222222010000000000
00000001022222222222222222222222222222222222222222222222222222222222222222222222010000000000
00000001022222222222222222222222222222222222222222222222222222222222222222222222010000000000
00000001022222222222222222222222222222222222222222222222222222222222222222222222010000000000
00000001022222222222222224222222222222222222222222222222222222222222222222222222010000000000
00000001022222222222222222222222222222222222222222222222222222222222222222222222010000000000
00000001022222222222222222222222222222222222222222222222222222222222222222222222010000000000
00000001022222222222222222222222222222222222222222222222222222222222222222222222010000000000
00000001022222222222222222222222222222222222222222222222222222222222222222222222010000000000
00000001022222222222222222222222222222222222222222222222222222222222222222222222010000000000
00000001022222222222222222222222222222222222222222222222222222222222222222222222010000000000
00000001022222222222222222222222222222222222222222222222222222222222222222222222010000000000
00000001022222222222222222222222222222222222222222222222222222222222222222222222010000000000
00000001022222222222222222222222222222222222222222222222222222222222222222222222010000000000
00000001022222222222222222222222222222222222222222222222222222222222222222222222010000000000
00000001022222222222222222222222222222222222222222222222222222222222222222222222010000000000
00000001022222222222222222222222222222222222222222222222222222222222222222222222010000000000
00000001022222222222222222222222222222222222222222222222222222222222222222222222010000000000
00000001000000000000000000000000000000000000000000000000000000000000000000000000010000000000
00000001111111111111111111111111111111111111111111111111111111111111111111111111110000000000
00000000000000000000000000000000000000000000000000000000000000000000000000000000000000000000
00000000000000000000000000000000000000000000000000000000000000000000000000000000000000000000
00000000000000000000000000000000000000000000000000000000000000000000000000000000000000000000
00000000000000000000000000000000000000000000000000000000000000000000000000000000000000000000
00000000000000000000000000000000000000000000000000000000000000000000000000000000000000000000
00000000000000000000000000000000000000000000000000000000000000000000000000000000000000000000
00000000000000000000000000000000000000000000000000000000000000000000000000000000000000000000
00000000000000000000000000000000000000000000000000000000000000000000000000000000000000000000
00000000000000000000000000000000000000000000000000000000000000000000000000000000000000000000
00000000000000000000000000000000000000000000000000000000000000000000000000000000000000000000
00000000000000000000000000000000000000000000000000000000000000000000000000000000000000000000
00000000000000000000000000000000000000000000000000000000000000000000000000000000000000000000
-