00000000000000000000000000000000000000000000000000000
0111111111111111111111100000000001111111111111111111111
0100000000000000000000100000000001000000000000000000001
0100000000000000000000100000000001000000000000000000001
0100000000000000000000100000000001000000000000000000001
0100000000000000000000111111111111000000000000000000001
0100000000000000000000000000000000000000000000000000001
0100000000000000000000000000000000000000000000000000001
0100000000000000000000111111111111000000000000000000001
0100000000000000000000100000000001000000000000000000001
0100000000000000000000100000000001000000000000000000001
0111111111111111111111100000000001111111111111111111111
-